%Temp Ppt(J82) Perr V Verr
 298  46.88 0.30  140.827 0.054 
 298  50.94 0.30  139.810 0.028 
 298  53.63 0.30  139.269 0.024 
 298  53.46 0.30  139.307 0.043 
 298  85.70 0.30  130.097 0.022 
 298  90.17 0.30  129.303 0.024 
 298  90.57 0.30  129.292 0.017 
 298  38.63 0.30  143.777 0.019 
 298  45.38 0.30  141.332 0.027 
 298  46.44 0.30  141.200 0.025 
 298  80.57 0.30  131.651 0.023 
 298  29.50 0.30  147.178 0.015 
 298  31.57 0.30  146.567 0.018 
 298  31.47 0.30  146.537 0.012 
 298  85.32 0.30  130.266 0.012 
 298  70.12 0.30  133.641 0.008 
 298  71.50 0.30  133.598 0.014 
 298  65.88 0.30  135.058 0.019 
 298  67.94 0.30  134.801 0.027 
 298  75.06 0.30  132.728 0.017  
 298  75.62 0.30  132.788 0.017  
 298  40.03 0.30  143.442 0.020  
 298  42.17 0.30  142.588 0.015  
 298  39.44 0.30  143.328 0.020  
 298  40.66 0.30  143.255 0.023  
2897  67.41 0.45  139.549 0.026  
2963  67.23 0.79  139.783 0.034  
1179  94.15 0.51  129.656 0.014  
1763  46.87 0.80  144.414 0.030  
1889  52.21 0.46  142.652 0.018  
2372  54.14 0.46  142.176 0.029  
1995  88.00 0.46  132.296 0.021  
1380  91.82 0.82  130.768 0.027  
1681  79.74 0.87  133.829 0.011  
1603  81.81 0.68  133.160 0.014  
1918  46.78 0.80  144.319 0.026  
2199  46.98 0.63  145.408 0.068  
1845  43.09 1.12  145.464 0.048  
