%T     acell, err     bcell, err     ccell, err     V, err      acell-MgO, err P-MJ2  P-MS2
1200  4.6620 0.0016  4.8252 0.0012  6.7385 0.0027  151.58 0.15  4.0669 0.0014  25.57  25.60 
1200  4.6657 0.0022  4.8291 0.0014  6.7354 0.0037  151.76 0.20  4.0669 0.0014  25.57  25.60 
1220  4.6677 0.0010  4.8256 0.0010  6.7341 0.0023  151.68 0.12  4.0672 0.0017  25.64  25.66 
 800  4.6527 0.0011  4.8193 0.0009  6.7218 0.0025  150.72 0.12  4.0557 0.0017  25.37  25.63 
 900  4.6573 0.0020  4.8204 0.0012  6.7193 0.0036  150.85 0.18  4.0571 0.0027  25.67  25.87 
1000  4.6580 0.0011  4.8194 0.0010  6.7227 0.0025  150.92 0.12  4.0611 0.0011  25.49  25.65 
1100  4.6635 0.0017  4.8198 0.0014  6.7211 0.0039  151.07 0.18  4.0624 0.0011  25.83  25.92 
1200  4.6601 0.0012  4.8236 0.0010  6.7322 0.0027  151.33 0.13  4.0639 0.0011  26.11  26.11 
1300  4.6708 0.0013  4.8243 0.0010  6.7342 0.0029  151.74 0.14  4.0675 0.0012  26.03  25.97 
1400  4.6638 0.0019  4.8239 0.0015  6.7370 0.0035  151.57 0.19  4.0664 0.0017  26.82  26.62 
1500  4.6720 0.0013  4.8271 0.0012  6.7362 0.0030  151.92 0.15  4.0667 0.0015  27.36  27.02 
1600  4.6712 0.0010  4.8256 0.0010  6.7398 0.0024  151.92 0.12  4.0665 0.0009  27.94  27.44 
1700  4.6754 0.0012  4.8328 0.0013  6.7475 0.0026  152.46 0.14  4.0703 0.0013  27.83  27.23 
1700  4.6784 0.0012  4.8316 0.0012  6.7480 0.0028  152.53 0.14  4.0703 0.0013  27.83  27.23 
1800  4.6712 0.0014  4.8302 0.0010  6.7467 0.0029  152.22 0.14  4.0720 0.0014  28.13  27.38 
1900  4.6921 0.0026  4.8290 0.0019  6.7443 0.0050  152.81 0.26  4.0732 0.0006  28.50  27.58 
1900  4.6743 0.0012  4.8302 0.0010  6.7434 0.0028  152.25 0.14  4.0732 0.0006  28.50  27.58 
2000  4.6783 0.0012  4.8313 0.0010  6.7470 0.0027  152.50 0.13  4.0755 0.0011  28.69  27.61 
 293  4.6543 0.0019  4.8173 0.0016  6.7147 0.0034  150.55 0.19  4.0533 0.0017  23.28  23.51 
 800  4.6541 0.0014  4.8170 0.0012  6.7231 0.0033  150.72 0.16  4.0556 0.0003  25.37  25.63 
 900  4.6555 0.0017  4.8152 0.0015  6.7166 0.0039  150.57 0.19  4.0601 0.0012  25.11  25.33 
1000  4.6593 0.0017  4.8199 0.0017  6.7222 0.0038  150.96 0.19  4.0601 0.0013  25.67  25.82 
1100  4.6574 0.0015  4.8222 0.0012  6.7243 0.0035  151.02 0.17  4.0613 0.0011  26.01  26.09 
1200  4.6603 0.0020  4.8214 0.0017  6.7245 0.0047  151.09 0.22  4.0654 0.0012  25.86  25.87 
1300  4.6577 0.0016  4.8215 0.0012  6.7206 0.0035  150.93 0.17  4.0632 0.0014  26.83  26.71 
1400  4.6643 0.0019  4.8269 0.0018  6.7189 0.0043  151.27 0.21  4.0666 0.0009  26.78  26.58 
1500  4.6653 0.0017  4.8256 0.0014  6.7238 0.0040  151.37 0.19  4.0682 0.0017  27.07  26.75 
1500  4.6653 0.0017  4.8256 0.0014  6.7238 0.0040  151.37 0.19  4.0631 0.0013  27.98  27.59 
 293  4.6445 0.0008  4.8117 0.0007  6.7087 0.0019  149.93 0.09  4.0502 0.0013  23.85  24.07 
 400  4.6451 0.0017  4.8145 0.0015  6.7121 0.0040  150.11 0.19  4.0516 0.0010  24.05  24.35 
 500  4.6480 0.0017  4.8122 0.0018  6.7091 0.0041  150.06 0.20  4.0515 0.0014  24.53  24.85 
 600  4.6488 0.0015  4.8134 0.0012  6.7131 0.0032  150.22 0.16  4.0516 0.0009  25.05  25.36 
 700  4.6496 0.0010  4.8131 0.0009  6.7116 0.0024  150.20 0.11  4.0518 0.0019  25.55  25.82 
 800  4.6492 0.0022  4.8148 0.0016  6.7158 0.0041  150.33 0.21  4.0553 0.0020  25.45  25.70 
 900  4.6507 0.0020  4.8188 0.0018  6.7118 0.0046  150.42 0.22  4.0555 0.0018  25.97  26.15 
1000  4.6536 0.0018  4.8158 0.0016  6.7165 0.0042  150.52 0.20  4.0574 0.0015  26.15  26.28 
 293  4.6445 0.0016  4.8137 0.0013  6.7040 0.0037  149.88 0.17  4.0510 0.0006  23.70  23.92 
 800  4.6688 0.0015  4.8328 0.0013  6.7367 0.0036  152.00 0.17  4.0745 0.0019  22.00  22.37 
 900  4.6687 0.0017  4.8367 0.0012  6.7428 0.0030  152.26 0.16  4.0770 0.0024  22.10  22.44 
1000  4.6780 0.0015  4.8366 0.0011  6.7356 0.0031  152.40 0.15  4.0770 0.0031  22.70  22.98 
1100  4.6721 0.0018  4.8363 0.0016  6.7440 0.0042  152.39 0.20  4.0774 0.0026  23.16  23.38 
1200  4.6787 0.0026  4.8371 0.0018  6.7464 0.0048  152.68 0.25  4.0813 0.0033  23 98  23.25 
1300  4.6805 0.0016  4.8371 0.0015  6.7476 0.0037  152.77 0.18  4.0795 0.0009  23.96  24.02 
1400  4.6802 0.0020  4.8392 0.0018  6.7569 0.0046  153.03 0.23  4.0812 0.0010  24.22  24.20 
1500  4.6792 0.0017  4.8421 0.0016  6.7549 0.0041  153.05 0.20  4.0838 0.0015  24.36  24.24 
1600  4.6869 0.0019  4.8380 0.0020  6.7600 0.0044  153.29 0.22  4.0850 0.0009  24.73  24.50 
1700  4.6823 0.0018  4.8402 0.0016  6.7638 0.0041  153.29 0.20  4.0867 0.0016  25.04  24.68 
1800  4.6856 0.0014  4.8405 0.0013  6.7644 0.0032  153.42 0.16  4.0891 0.0018  25.23  24.74 
 293  4.7783 0.0013  4.9313 0.0010  6.8892 0.0029  162.33 0.14  4.2134 0.0031  -0.05  -0.04 
 293  4.7741 0.0009  4.9284 0.0007  6.8871 0.0020  162.05 0.10  4.2126 0.0034   0.04   0.04 
