%Katsura(2009) pv data
%measGrp P, err     V, err       T, err  PerrTot
1   23.162 0.300  156.12 0.016  1900  0   0.107
1   23.221 0.300  155.61 0.016  1800  0   0.109
1   23.292 0.300  155.09 0.016  1700  0   0.111
1   22.886 0.300  155.22 0.016  1700  0   0.110
1   23.301 0.300  154.62 0.016  1600  0   0.113
1   23.420 0.200  154.09 0.016  1500  0   0.159
1   22.442 0.200  154.64 0.016  1500  0   0.112
1   21.945 0.200  154.10 0.016  1300  0   0.114
1   21.569 0.200  153.58 0.016  1100  0   0.117
1   20.945 0.100  153.11 0.016   900  0   0.118
1   20.458 0.100  152.67 0.016   700  0   0.120
1   19.987 0.100  152.29 0.016   500  0   0.122
1   19.566 0.100  151.96 0.016   306  0   0.124
1   19.221 0.100  152.40 0.016   300  0   0.122
1   30.746 0.400  153.94 0.016  2500  0   0.115
1   30.293 0.400  153.54 0.016  2300  0   0.117
1   29.803 0.400  153.16 0.016  2100  0   0.119
1   29.168 0.400  152.67 0.016  1900  0   0.121
1   26.540 0.300  153.97 0.016  1900  0   0.115
1   28.545 0.300  152.32 0.016  1700  0   0.122
1   25.984 0.300  153.65 0.016  1700  0   0.117
1   27.744 0.300  151.98 0.016  1500  0   0.123
1   25.210 0.300  153.26 0.016  1500  0   0.118
1   27.199 0.300  151.59 0.016  1300  0   0.125
1   24.682 0.200  152.87 0.016  1300  0   0.120
1   26.452 0.200  151.20 0.016  1100  0   0.127
1   23.962 0.200  152.45 0.016  1100  0   0.121
1   26.006 0.200  150.81 0.016   900  0   0.129
1   23.504 0.200  152.04 0.016   900  0   0.123
1   25.316 0.200  150.42 0.016   700  0   0.130
1   22.841 0.100  151.67 0.016   700  0   0.125
1   25.006 0.100  150.09 0.016   500  0   0.132
1   22.490 0.100  151.25 0.016   500  0   0.127
1   24.512 0.100  149.95 0.016   300  0   0.133
1   24.394 0.100  149.87 0.016   300  0   0.133
1   21.881 0.100  150.97 0.016   300  0   0.128
2   28.740 0.400  152.12 0.049  1600  0   0.449
2   29.849 0.400  151.96 0.049  1700  0   0.452
2   29.539 0.200  152.14 0.049  1800  0   0.499
2   30.511 0.400  152.30 0.049  1900  0   0.447
2   29.438 0.400  151.80 0.049  1700  0   0.505
2   29.200 0.400  151.20 0.065  1500  0   0.579
2   28.733 0.300  150.69 0.065  1300  0   0.588
2   28.231 0.300  150.22 0.049  1100  0   0.475
2   27.696 0.300  149.74 0.049   900  0   0.539
2   35.241 0.500  149.28 0.065  1700  0   0.682
2   36.010 0.500  149.33 0.065  1800  0   0.571
2   35.731 0.500  149.09 0.065  1700  0   0.575
2   35.215 0.400  148.65 0.065  1500  0   0.583
2   34.747 0.400  148.16 0.065  1300  0   0.592
2   34.300 0.300  147.69 0.065  1100  0   0.601
2   33.848 0.300  147.32 0.065   900  0   0.609
2   33.372 0.300  146.94 0.065   700  0   0.617
2   24.310 0.400  154.48 0.065  1700  0   0.435
2   24.803 0.300  154.22 0.049  1700  0   0.330
2   24.547 0.300  153.57 0.065  1500  0   0.449
2   24.137 0.300  153.21 0.065  1300  0   0.495
2   23.673 0.200  152.61 0.065  1100  0   0.464
2   23.210 0.200  152.12 0.065   900  0   0.472
2   22.652 0.200  151.70 0.065   700  0   0.479
2   22.160 0.200  151.28 0.065   500  0   0.486
2   21.871 0.200  150.89 0.049   304  0   0.370
2   25.177 0.500  154.04 0.065  1700  0   0.480
2   25.277 0.300  153.97 0.065  1700  0   0.481
2   25.521 0.300  154.10 0.065  1800  0   0.478
2   25.497 0.400  154.30 0.081  1800  0   0.548
2   25.377 0.300  154.51 0.049  1900  0   0.407
2   40.546 0.600  147.56 0.081  1900  0   0.694
2   40.139 0.500  147.20 0.065  1700  0   0.615
2   39.514 0.500  146.85 0.065  1500  0   0.622
2   53.177 0.700  142.54 0.081  1700  0   0.830
2   53.181 0.600  141.86 0.081  1500  0   0.789
2   52.717 0.500  141.58 0.065  1300  0   0.684
2   52.146 0.500  141.34 0.065  1100  0   0.691
2   51.390 0.400  141.15 0.065   900  0   0.695
2   50.757 0.400  140.93 0.065   700  0   0.701
2   50.156 0.300  140.69 0.065   500  0   0.707
2   49.625 0.300  140.59 0.049   304  0   0.606
2   54.438 0.800  142.59 0.049  1900  0   0.641
2   45.323 0.600  145.29 0.049  1700  0   0.578
2   44.826 0.500  145.06 0.049  1500  0   0.516
2   44.124 0.500  144.64 0.049  1300  0   0.522
2   43.809 0.400  144.20 0.049  1100  0   0.529
2   42.998 0.300  143.97 0.049   900  0   0.533
2   42.336 0.300  143.71 0.049   700  0   0.538
2   41.784 0.300  143.45 0.032   500  0   0.461
2   41.287 0.300  143.24 0.032   308  0   0.465
2   45.576 0.600  145.22 0.049  1700  0   0.512
2   29.498 0.200  147.84 0.032   305  0   0.460
