% Corrected Data from Katsura2009: WC multianvil - 1, Sintered-Diamond Multianvil - 2
%  Provides PVT data for synth MgSiO3 pv using avg of Matsui2000 and Speziale2001 Pressure scale for MgO
% 1   2     3      4     5    6        7     8
%run T   V/V0-MgO, err  P[GPa], err V/V0-pv, err
1  1900  0.9313 0.0001  22.8 0.3    0.9614 0.0001
1  1800  0.9283 0.0001  22.9 0.3    0.9583 0.0001
1  1700  0.9253 0.0001  22.9 0.3    0.9551 0.0001
1  1700  0.9270 0.0001  22.5 0.3    0.9559 0.0001
1  1600  0.9226 0.0001  22.9 0.3    0.9522 0.0001
1  1500  0.9195 0.0002  23.0 0.2    0.9489 0.0001
1  1500  0.9235 0.0001  22.1 0.2    0.9523 0.0001
1  1300  0.9203 0.0001  21.6 0.2    0.9490 0.0001
1  1100  0.9167 0.0001  21.2 0.2    0.9458 0.0001
1   900  0.9142 0.0001  20.6 0.1    0.9429 0.0001
1   700  0.9113 0.0001  20.1 0.1    0.9402 0.0001
1   500  0.9086 0.0001  19.7 0.1    0.9378 0.0001
1   306  0.9064 0.0001  19.3 0.1    0.9358 0.0001
1   300  0.9076 0.0001  18.9 0.1    0.9385 0.0001
1  2500  0.9160 0.0001  30.1 0.4    0.9480 0.0001
1  2300  0.9127 0.0001  29.7 0.4    0.9455 0.0001
1  2100  0.9096 0.0001  29.2 0.4    0.9432 0.0001
1  1900  0.9071 0.0001  28.6 0.4    0.9402 0.0001
1  1900  0.9173 0.0001  26.1 0.3    0.9482 0.0001
1  1700  0.9046 0.0001  27.9 0.3    0.9380 0.0001
1  1700  0.9144 0.0001  25.5 0.3    0.9462 0.0001
1  1500  0.9028 0.0001  27.2 0.3    0.9359 0.0001
1  1500  0.9124 0.0001  24.7 0.3    0.9438 0.0001
1  1300  0.9001 0.0001  26.6 0.3    0.9335 0.0001
1  1300  0.9095 0.0001  24.2 0.2    0.9414 0.0001
1  1100  0.8982 0.0001  25.9 0.2    0.9311 0.0001
1  1100  0.9074 0.0001  23.5 0.2    0.9388 0.0001
1   900  0.8953 0.0001  25.4 0.2    0.9287 0.0001
1   900  0.9044 0.0001  23.0 0.2    0.9363 0.0001
1   700  0.8934 0.0001  24.8 0.2    0.9263 0.0001
1   700  0.9023 0.0001  22.4 0.1    0.9340 0.0001
1   500  0.8904 0.0001  24.5 0.1    0.9243 0.0001
1   500  0.8993 0.0001  22.1 0.1    0.9314 0.0001
1   300  0.8886 0.0001  24.1 0.1    0.9234 0.0001
1   300  0.8890 0.0001  23.9 0.1    0.9229 0.0001
1   300  0.8978 0.0001  21.5 0.1    0.9297 0.0001
2  1600  0.9015 0.0005  28.1 0.4    0.9368 0.0003
2  1700  0.8998 0.0005  29.2 0.4    0.9358 0.0003
2  1800  0.9033 0.0006  29.2 0.2    0.9369 0.0003
2  1900  0.9021 0.0005  29.8 0.4    0.9379 0.0003
2  1700  0.9013 0.0006  28.8 0.4    0.9348 0.0003
2  1500  0.8975 0.0006  28.5 0.4    0.9311 0.0004
2  1300  0.8946 0.0006  28.1 0.3    0.9280 0.0004
2  1100  0.8919 0.0005  27.6 0.3    0.9251 0.0003
2   900  0.8894 0.0006  27.1 0.3    0.9221 0.0003
2  1700  0.8812 0.0007  34.3 0.5    0.9193 0.0004
2  1800  0.8808 0.0005  35.1 0.5    0.9196 0.0004
2  1700  0.8796 0.0005  34.8 0.5    0.9181 0.0004
2  1500  0.8771 0.0005  34.3 0.4    0.9154 0.0004
2  1300  0.8745 0.0005  33.8 0.4    0.9124 0.0004
2  1100  0.8719 0.0005  33.4 0.3    0.9095 0.0004
2   900  0.8694 0.0005  33.0 0.3    0.9072 0.0004
2   700  0.8671 0.0005  32.5 0.3    0.9049 0.0004
2  1700  0.9211 0.0004  23.7 0.4    0.9513 0.0004
2  1700  0.9191 0.0003  24.4 0.3    0.9497 0.0003
2  1500  0.9150 0.0004  24.0 0.3    0.9457 0.0004
2  1300  0.9116 0.0005  23.6 0.3    0.9435 0.0004
2  1100  0.9085 0.0004  23.2 0.2    0.9398 0.0004
2   900  0.9055 0.0004  22.7 0.2    0.9368 0.0004
2   700  0.9030 0.0004  22.2 0.2    0.9342 0.0004
2   500  0.9005 0.0004  21.8 0.2    0.9316 0.0004
2   304  0.8979 0.0003  21.4 0.2    0.9292 0.0003
2  1700  0.9176 0.0005  24.5 0.5    0.9486 0.0004
2  1700  0.9172 0.0005  24.8 0.3    0.9482 0.0004
2  1800  0.9188 0.0005  25.0 0.3    0.9490 0.0004
2  1800  0.9189 0.0005  25.0 0.4    0.9502 0.0005
2  1900  0.9220 0.0005  25.0 0.3    0.9515 0.0003
2  1900  0.8685 0.0005  39.4 0.6    0.9087 0.0005
2  1700  0.8658 0.0005  39.0 0.5    0.9065 0.0004
2  1500  0.8638 0.0005  38.4 0.5    0.9043 0.0004
2  1700  0.8302 0.0005  51.4 0.7    0.8778 0.0005
2  1500  0.8270 0.0004  51.4 0.6    0.8736 0.0005
2  1300  0.8250 0.0004  50.9 0.5    0.8719 0.0004
2  1100  0.8233 0.0004  50.4 0.5    0.8704 0.0004
2   900  0.8221 0.0004  49.7 0.4    0.8692 0.0004
2   700  0.8207 0.0004  49.2 0.4    0.8679 0.0004
2   500  0.8194 0.0004  48.6 0.3    0.8664 0.0004
2   304  0.8184 0.0004  48.2 0.3    0.8658 0.0003
2  1900  0.8303 0.0005  52.6 0.8    0.8781 0.0003
2  1700  0.8508 0.0005  43.9 0.6    0.8947 0.0003
2  1500  0.8486 0.0004  43.4 0.5    0.8933 0.0003
2  1300  0.8470 0.0004  42.8 0.5    0.8907 0.0003
2  1100  0.8444 0.0004  42.5 0.4    0.8880 0.0003
2   900  0.8432 0.0004  41.7 0.3    0.8866 0.0003
2   700  0.8417 0.0004  41.1 0.3    0.8850 0.0003
2   500  0.8401 0.0004  40.6 0.3    0.8834 0.0002
2   308  0.8389 0.0004  40.2 0.3    0.8821 0.0002
2  1700  0.8501 0.0004  44.2 0.6    0.8943 0.0003
2   305  0.8724 0.0005  28.9 0.2    0.9104 0.0002
