%Pau(Tsu) Perr  V  Verr X  - Lundin (2008) data
 28.8  0.6  147.96 0.03  0
 30.3  0.6  147.06 0.04  0
 36.0  0.8  144.95 0.03  0
 37.1  0.8  144.83 0.03  0
 42.0  0.9  142.90 0.03  0
 42.1  0.9  143.19 0.03  0
 46.1  1.0  141.24 0.03  0
 48.5  1.1  140.93 0.03  0
 49.5  1.1  140.46 0.03  0
 54.2  1.3  139.36 0.03  0
 56.7  1.4  138.74 0.03  0
 68.5  1.7  135.75 0.03  0
 73.3  2.5  134.12 0.04  0
 80.2  2.1  133.05 0.03  0
 88.5  2.4  131.07 0.03  0
 93.0  0.5  129.61 0.03  0
  0.0  0.0  163.18 0.03  9
 36.2  0.7  145.81 0.03  9
 36.9  0.5  145.80 0.06  9
 39.0  0.5  145.11 0.06  9
 45.0  0.6  142.72 0.03  9
 46.5  0.9  142.26 0.03  9
 49.3  0.7  141.42 0.06  9
 51.5  0.7  140.63 0.04  9
 54.4  1.1  140.02 0.05  9 
 55.2  0.9  139.85 0.05  9
 56.0  0.9  139.26 0.03  9
 56.2  0.9  139.32 0.05  9
 60.4  1.0  137.94 0.04  9
 64.6  0.7  137.06 0.04  9
 64.7  1.1  136.91 0.06  9
 80.6  0.9  132.63 0.05  9
 86.1  2.0  131.01 0.07  9
  0.0  0.0  163.30 0.07 15
 30.3  0.4  148.48 0.05 15
 39.4  0.6  144.41 0.08 15
 42.2  0.8  143.93 0.13 15
 44.7  0.7  143.16 0.09 15
 48.2  1.0  141.61 0.05 15
 52.9  0.8  140.66 0.04 15
 56.2  0.9  139.56 0.07 15
 58.0  0.9  139.13 0.02 15
 59.1  1.0  138.28 0.09 15
 64.6  1.1  136.88 0.09 15
 71.0  1.2  135.19 0.14 15
 79.3  1.4  132.89 0.14 15
 84.7  1.5  131.75 0.13 15
 92.9  2.0  130.47 0.13 15
 95.9  1.8  129.66 0.19 15
107.9  2.1  127.49 0.15 15
